camera_matrix:
- - 486.0439491469711
  - 0.0
  - 645.4325354527369
- - 0.0
  - 483.3134076957304
  - 367.2424178189161
- - 0.0
  - 0.0
  - 1.0
dist_coeff:
- - -0.07216369153970435
  - 0.04469416580037236
  - 0.003924655243372424
  - 0.001874200986669278
  - -0.015854405384686285
